2939.0
2886.0
2890.3333333333335
2907.5
2905.2
2890.3333333333335
2908.5714285714284
2912.625
2908.222222222222
2917.3
2909.5454545454545
2901.1666666666665
2910.3846153846152
2911.785714285714
2907.866666666667
2913.8125
2917.529411764706
2911.3888888888887
2906.842105263158
2909.35
2913.285714285714
2908.090909090909
2911.3478260869565
2915.4166666666665
2910.28
2913.153846153846
2916.777777777778
2915.0
2917.896551724138
2917.5
2914.9032258064517
2917.3125
2919.5757575757575
2921.323529411765
2924.0
2920.3055555555557
2918.4324324324325
2920.7105263157896
2917.6666666666665
2916.0
2917.8536585365855
2920.1190476190477
2921.0
2918.5
2918.5777777777776
2920.8260869565215
2918.2978723404253
2918.1666666666665
2917.591836734694
2915.62
2917.4313725490197
2915.673076923077
2913.9056603773583
2915.703703703704
2915.109090909091
2915.5714285714284
2914.6491228070176
2915.603448275862
2913.7457627118642
2915.4
2913.6721311475408
2914.1129032258063
2913.809523809524
2912.015625
2910.123076923077
2911.151515151515
2909.9701492537315
2910.3382352941176
2910.1014492753625
2911.5857142857144
2911.1408450704225
2909.597222222222
2910.6575342465753
2911.8513513513512
2912.28
2912.4868421052633
2904.7012987012986
2904.641025641026
2905.5569620253164
2904.2
2904.320987654321
2904.2195121951218
2903.9036144578313
2904.785714285714
2904.9411764705883
2904.720930232558
2904.367816091954
2905.659090909091
2904.8651685393256
2904.0333333333333
2905.010989010989
2904.9021739130435
2903.7526881720432
2904.244680851064
2903.4105263157894
2902.9270833333335
2902.855670103093
2903.9795918367345
2903.4242424242425
2902.61
2903.4851485148515
2903.598039215686
2903.5145631067962
2903.1826923076924
2903.6
2902.7924528301887
2903.336448598131
2902.9074074074074
2903.6605504587155
2902.6545454545453
2901.6846846846847
2902.4375
2901.7699115044247
2901.7719298245615
2902.7739130434784
2901.8362068965516
2902.7264957264956
2903.398305084746
2903.378151260504
2903.9
2904.818181818182
2903.901639344262
2904.5853658536585
2904.6209677419356
2905.24
2904.7936507936506
2903.9763779527557
2904.828125
2904.2713178294575
2904.753846153846
2905.5419847328244
2904.9848484848485
2905.278195488722
2906.0671641791046
2906.874074074074
2906.1911764705883
2906.956204379562
2907.572463768116
2906.7625899280574
2907.3142857142857
2906.8581560283687
2906.7042253521126
2907.4615384615386
2906.6388888888887
2906.351724137931
2906.9383561643835
2906.625850340136
2906.810810810811
2907.510067114094
2906.786666666667
2906.2847682119204
2906.9473684210525
2906.1372549019607
2906.1233766233768
2906.7419354838707
2907.3333333333335
2906.605095541401
2907.3101265822784
2907.0440251572327
2906.65625
2906.7639751552797
2906.320987654321
2906.7423312883434
2906.4268292682927
2907.042424242424
2907.60843373494
2907.9101796407185
2907.4523809523807
2906.7278106508875
2907.3764705882354
2907.0877192982457
2907.4244186046512
2907.1445086705203
2907.7988505747126
2908.2971428571427
2908.869318181818
2909.3954802259886
2908.741573033708
2909.290502793296
2909.288888888889
2909.6740331491715
2909.0164835164837
2909.5081967213114
2910.0597826086955
2909.6216216216217
2909.930107526882
2909.251336898396
2909.473404255319
2909.5978835978835
2909.1894736842105
2909.5183246073298
2908.9114583333335
2909.461139896373
2909.1288659793813
2909.451282051282
2909.984693877551
2909.477157360406
2909.949494949495
2909.532663316583
2909.385
2909.791044776119
2909.2425742574255
2909.783251231527
2909.848039215686
2909.9219512195123
2909.873786407767
2909.56038647343
2910.0673076923076
2909.8277511961724
2910.295238095238
2909.7109004739336
2909.0754716981132
2909.112676056338
2908.700934579439
2909.186046511628
2908.625
2909.10599078341
2909.3990825688074
2909.1004566210045
2909.4681818181816
2909.1131221719456
2909.6036036036035
2909.067264573991
2908.5803571428573
2909.0622222222223
2909.238938053097
2908.876651982379
2909.2982456140353
2909.7379912663755
2909.721739130435
2910.030303030303
2909.793103448276
2909.862660944206
2910.1239316239316
2909.5829787234043
2909.1313559322034
2909.5949367088606
2909.0588235294117
2909.4937238493726
2909.7791666666667
2909.4190871369296
2909.8223140495866
2909.633744855967
2910.0
2909.5959183673467
2909.3048780487807
2909.323886639676
2909.766129032258
2909.273092369478
2908.836
2909.0876494023905
2908.8055555555557
2908.893280632411
2908.6732283464567
2909.0392156862745
2908.6953125
2908.373540856031
2908.751937984496
2908.5366795366795
2908.7153846153847
2908.647509578544
2908.171755725191
2908.577946768061
2908.962121212121
2908.720754716981
2909.0375939849623
2908.868913857678
2909.179104477612
2909.289962825279
2908.911111111111
2909.2952029520297
2909.176470588235
2908.912087912088
2909.295620437956
2908.847272727273
2908.8840579710145
2909.274368231047
2908.8489208633096
2908.4086021505377
2908.717857142857
2908.8540925266902
2908.971631205674
2909.34628975265
2909.1654929577467
2909.463157894737
2909.8146853146854
2909.881533101045
2909.4305555555557
2909.740484429066
2909.9137931034484
2909.5189003436426
2909.8630136986303
2910.211604095563
2909.8333333333335
2910.0033898305087
2909.847972972973
2909.6397306397307
2909.2147651006712
2908.85618729097
2908.4333333333334
2908.485049833887
2908.701986754967
2908.3564356435645
2908.7269736842104
2908.3737704918035
2908.2124183006536
2908.5798045602605
2908.194805194805
2907.8964401294497
2907.867741935484
2908.099678456592
2907.753205128205
2908.0958466453676
2907.707006369427
2907.8380952380953
2907.51582278481
2907.8548895899053
2907.7201257861634
2907.7147335423197
2907.75
2907.940809968847
2908.052795031056
2907.671826625387
2908.027777777778
2907.8615384615387
2908.0981595092026
2908.4036697247707
2908.3353658536585
2908.5896656534956
2908.890909090909
2909.0
2908.9668674698796
2908.6936936936936
2908.982035928144
